0.0 0.2105670544467937 0.7753437171326576 -0.9190626894335872 0.9177528103256019 0.3543191227106839 0.8842537887064357 0.13530025574961746 -0.2835636743227665 -0.3404359274801907 0.0023967739083674555 -0.13225212752545934 0.49485339017912056 -0.7655473515615712 0.2052806790472228 -0.7540294990233947 0.544120911579195
1.0 0.24344465861346037 0.7801451494243242 -0.9386346295377538 0.9244056423568519 0.36107368000235057 0.8939380334981023 0.17399654481211746 -0.27088870687484984 -0.3044862204489407 0.023392867658367456 -0.09821485539004267 0.5094001024187039 -0.7564734583324045 0.2116283352972228 -0.7484752998046447 0.5393398243396116
2.0 0.2685504528842937 0.7807758460389076 -0.9529778912565038 0.9385657986068519 0.3715310367731839 0.9027677861022689 0.2147883742392008 -0.25440921468734984 -0.261598850657274 0.04510103823128413 -0.060881684817126 0.5221564500749539 -0.7585486536449045 0.21765047071388946 -0.7372855211588113 0.536735657672945
3.0 0.261124508873877 0.780552050465991 -0.9528151308398372 0.9581173936589352 0.37151069172110057 0.9020557092793523 0.23600826356211746 -0.25746097249984984 -0.24745903945935735 0.04168306948128413 -0.048817068931709326 0.5090542365332873 -0.7642656132803212 0.2189525540472228 -0.7353527412108947 0.535637024860445
4.0 0.2538409802280437 0.7726581702576576 -0.9469964459440038 0.9754513780339352 0.3746438297419339 0.8975391077168523 0.2459163039267008 -0.2631779321352665 -0.23531304336560735 0.03496920229378413 -0.04263217309837599 0.494202348512454 -0.7731564010407378 0.22141430534930615 -0.7319958076171447 0.5347011524646116
5.0 0.2494464489780437 0.7699726233826576 -0.9391839459440038 0.9892453233464352 0.38646430500235057 0.8926156051126857 0.25537675314545083 -0.2716618188540165 -0.227541233469774 0.02487805646045079 -0.033212413983792655 0.4847622443457873 -0.7835323776032378 0.2290843899847228 -0.726828164387978 0.5300624805896116
6.0 0.2462115856967937 0.7622821936951576 -0.9333856061002538 1.0011675238672686 0.39620958495026726 0.8880379683939357 0.27026933127045083 -0.2771956730206832 -0.22062391576144066 0.013484827293784123 -0.021127453046292655 0.4746914435645373 -0.7876624231761544 0.23724275587013946 -0.7195853258463114 0.5294521290271116
7.0 0.24765608439471035 0.7529234697368242 -0.9263462180794204 1.0114621202214353 0.40839627114818394 0.8841113733418523 0.27185624533295083 -0.2846012719790165 -0.21517144180310732 0.0059978481271174555 -0.016244640546292655 0.463684770387454 -0.7881100143219878 0.2429393704534728 -0.705832070637978 0.5273158985583616
8.0 0.2532306286655437 0.7463316728618242 -0.9102939719856704 1.0172604600651853 0.4240009260961006 0.8767871545918523 0.27875321798920083 -0.2927596378644332 -0.20921034154269066 -0.0023232781749658784 -0.012704601483792655 0.45188464017912067 -0.7930742070303212 0.2567129707138895 -0.695456094075478 0.5261562305896116
9.0 0.262833493248877 0.7375222653097409 -0.8999790305794204 1.015958376731852 0.43653347817943394 0.8677946415710189 0.2882543573121175 -0.3030542342185999 -0.203188206126024 -0.013024775570799214 -0.01146355330670932 0.44203763497078735 -0.7899817591136545 0.2620230293076395 -0.6839001044921447 0.527458313922945
10.0 0.272293942467627 0.7294452796326575 -0.8930820579231704 1.016446657981852 0.4466449690648506 0.8546924280293523 0.2980810174683675 -0.3107853540102666 -0.192629124094774 -0.02338040708121588 -0.003874848879625986 0.43072578601245404 -0.7909176315094879 0.2705679511826395 -0.6765148505858947 0.5276007292875283
11.0 0.281021969811377 0.7166075517680741 -0.8909051373502538 1.0090410590235188 0.4527281396377673 0.8502775517272689 0.2960668573121175 -0.3204899438540166 -0.19608778294894066 -0.028588740414549216 -0.002491385337959319 0.4259446987728707 -0.7915076380199045 0.2761221504013895 -0.6730968818358947 0.5270107227771117
12.0 0.296830075280127 0.6991921871847407 -0.8863275006315038 1.007352419700602 0.455088165679434 0.8423022913106023 0.3010513950725342 -0.3307031599998499 -0.196840549876024 -0.03867988624788255 -0.002023449140042652 0.42193672351245404 -0.7942949101553212 0.2780345852972228 -0.6650198961588113 0.5227586068916951
13.0 0.3117429984572103 0.6878803382264074 -0.8846592063606704 1.0032223741276853 0.4525653792211007 0.8348153121439357 0.3006038039267009 -0.3374780623435999 -0.20143853164685735 -0.043664424008299216 -0.006173839765042652 0.41467353991870404 -0.7940507695303212 0.2858470852972228 -0.6600963935546447 0.5183844206937784
14.0 0.331009762780127 0.6752664059347407 -0.884394720683587 1.0004147569401853 0.45346056151276737 0.8287524866231023 0.30247554871836757 -0.3402042993227666 -0.19570122695935735 -0.04901517270621589 -0.0018810337754593181 0.41485664538745404 -0.7925859257803212 0.2870270983180561 -0.6550101305338113 0.5158209441312784
15.0 0.3412433239780437 0.6647276689555741 -0.8913934186002537 0.9946367621485187 0.45405056802318405 0.8170540816751857 0.30064449403086757 -0.3487695662498499 -0.19924126602185735 -0.05694974301871589 -0.0018606887233759849 0.41070625476245404 -0.7929928268219878 0.28979402540138943 -0.6566173896483947 0.5107550261625284
16.0 0.3529620739780437 0.6501199215597407 -0.8957879498502537 0.9882687608464353 0.45173123208568405 0.8097298629251857 0.29808101746836757 -0.3603459008852666 -0.2015199118551907 -0.06107978859163255 -0.0021455194525426516 0.40405342273120404 -0.7880896692699044 0.29134024935972275 -0.652121133137978 0.5045497852771118
17.0 0.3616697562697104 0.6420022457784907 -0.8982293561002537 0.985379763450602 0.45055121906485074 0.8006152795918523 0.29598547710378426 -0.3669987329165166 -0.19850884414685735 -0.060876338070799216 -0.003162772056709318 0.39703437976245404 -0.786360339842821 0.29284578321388943 -0.6511852607421447 0.5005011199125284
18.0 0.37355126668637706 0.6301003903097407 -0.9044345969856703 0.9819414496485186 0.45085639484610074 0.7963224736022689 0.29555823101003426 -0.3682194360415166 -0.1962098532614407 -0.062341181820799216 -0.005217622317125985 0.39656644356453735 -0.7866248255199044 0.2936188951930561 -0.645651406575478 0.4963303842354451
19.0 0.38307275106137706 0.6240985999451574 -0.9063470318815037 0.9752275824610186 0.45146674640860074 0.7861499475606023 0.28851884298920094 -0.3757471053123499 -0.19991265274060735 -0.06506741879996589 -0.006682466067125985 0.39634264799162067 -0.789778308592821 0.2913605944118061 -0.6387340888671447 0.4891078907458618
20.0 0.39507633179054374 0.6092874020284907 -0.9149936790169203 0.9758175889714352 0.4498594872940174 0.7767301884460189 0.2877660760621176 -0.3756860701560999 -0.2012147360739407 -0.06610501645621589 -0.010853201744209319 0.39524401517912067 -0.7896765833324044 0.2919099108180561 -0.6338309313150613 0.4802577930896118
21.0 0.40408918986346043 0.6007424801534907 -0.9222365175585869 0.9741492947006019 0.4516905419815174 0.7693856246439356 0.2845922479371176 -0.3781478214581832 -0.1983460837301907 -0.06740709978954922 -0.011158377525459319 0.39284329903328735 -0.785322742186571 0.2946971829534728 -0.6260184313150613 0.4731573699125285
22.0 0.41385481486346043 0.5917092770284907 -0.9259393170377536 0.9636309027735185 0.45103950031485074 0.7608610478210189 0.2830663690308676 -0.3781681665102665 -0.19940402643852403 -0.06809883156038254 -0.014474621015042653 0.39021878731453735 -0.7876827682282377 0.2944937324326395 -0.6209321682942279 0.4721197722562785
23.0 0.42111799845721043 0.5862974931743241 -0.9285434837044202 0.9640174587631019 0.45464057453360074 0.7548185673522689 0.2802384067912843 -0.37678470296859984 -0.19875298477185738 -0.07027575213329922 -0.012257010337959319 0.38659736804370404 -0.7865027552074043 0.2886547024847228 -0.6197318102213113 0.4670741993396118
24.0 0.42571598022804374 0.5833067705180741 -0.9379835878710868 0.9611691514714352 0.4546812646377674 0.7500374801126856 0.275762495332951 -0.3786564477602665 -0.19771538711560738 -0.07155749041454922 -0.01677361190045932 0.3877366909603707 -0.7895138229157377 0.2893667793076395 -0.6160086656900613 0.4655890105375285
25.0 0.43186018595721043 0.5796039710389075 -0.9410556907356702 0.9590532660547686 0.4585671695856841 0.7432422327168522 0.2754776646037843 -0.3789412784894332 -0.19734917617810738 -0.06787503598746589 -0.01713982283795932 0.3875535854916207 -0.7926673059886543 0.2910147285263895 -0.6116751695963113 0.4619879363187785
26.0 0.43466780314471043 0.5769387692159909 -0.9421746686002536 0.9598874131901852 0.4662575992731841 0.7384814905293522 0.2714493442912843 -0.3776391951560999 -0.19867160456352403 -0.06647122739371589 -0.01862501164004265 0.3886929084082874 -0.7956173385407377 0.2904247220159728 -0.6050426826171447 0.4612758594958618
27.0 0.4383706026238771 0.5635313798930742 -0.9448398704231702 0.9543535590235186 0.4670510563044341 0.7329272913106022 0.263494428926701 -0.3789412784894332 -0.19958713190727403 -0.06720364926871589 -0.020964692629625983 0.3900356818457874 -0.8031043177074043 0.2898550605576395 -0.6037609443358947 0.4588547982979451
28.0 0.44559309611346043 0.5591165035909909 -0.9503940696419202 0.9538652777735186 0.4695331526586008 0.7292448368835188 0.264043745332951 -0.3787378279685999 -0.19405327774060738 -0.07017402687288256 -0.02155469914004265 0.3912360399187041 -0.7983232304678209 0.2896923001409728 -0.5994884833983947 0.45795961600627844
29.0 0.44528792033221043 0.5579161455180742 -0.9572910422981702 0.9504879991276852 0.4693297021377675 0.7199471480814355 0.2549088169475343 -0.3777612654685999 -0.19588433242810738 -0.07212715187288256 -0.02332471867129265 0.3905646531999541 -0.7980180546865709 0.2884715970159728 -0.6004650458983947 0.45712546887086175
30.0 0.45047590861346043 0.5522805660909909 -0.9620517844856702 0.9467851996485186 0.4737242333877675 0.7181567834981021 0.2612768182496176 -0.3715560245831832 -0.19201877253227403 -0.06995023129996589 -0.01630567570254265 0.3940843472103708 -0.7974687382803209 0.2869864082138895 -0.5944022203775613 0.45806134126669507
31.0 0.4500893526238771 0.5456277340597409 -0.9672397727669202 0.944242068138102 0.4711811018773508 0.7126839644876855 0.2571671177287843 -0.3763371118227665 -0.1977967673239407 -0.07115058937288256 -0.023711274660875987 0.3956712612728708 -0.8014563684886543 0.2885529772243062 -0.5960908597004779 0.45647442720419507
32.0 0.45456526408221043 0.5451191077576575 -0.9674839133919202 0.9465817491276853 0.4771015120336008 0.7082487431335188 0.2544408807496176 -0.3739567407290165 -0.19232394831352403 -0.07066230812288256 -0.019194673098375987 0.3951829800228708 -0.7984859908844877 0.2865998522243062 -0.5904349352213113 0.4536261199125284
33.0 0.45275455444679374 0.5453632483826575 -0.9699660097460868 0.947904177513102 0.4792987776586008 0.7061735478210188 0.25574296408295094 -0.37422122640609984 -0.19283257461560738 -0.06842435239371589 -0.023161958254625987 0.39766507637703746 -0.8038367395824043 0.2866812324326395 -0.5912487373046447 0.4477667449125284
34.0 0.45061832397804374 0.5434711585389075 -0.9729160422981702 0.944730349388102 0.4827370914606841 0.7029793746439355 0.24927323752045094 -0.3720036157290165 -0.19460259414685738 -0.06659329770621589 -0.023263683515042655 0.40564033679370415 -0.8081905807282377 0.2876984850368062 -0.5867728258463113 0.44420636079794507
35.0 0.45466698934262706 0.5422097653097409 -0.9753981386523368 0.9473345160547686 0.4856057438044341 0.6999276168314355 0.2472997674683676 -0.3729801782290165 -0.19281222956352403 -0.06525052426871589 -0.023711274660875987 0.40979072741870415 -0.8062984908844877 0.2879426256618062 -0.5834565823567279 0.44475567720419507
36.0 0.45470767944679374 0.5402362952576575 -0.9784092063606702 0.939725466575602 0.4854836734919341 0.6937834111022688 0.23983313335378426 -0.37794437093734984 -0.19623019831352403 -0.06901435890413256 -0.022124360598375987 0.40989245267912083 -0.807234363280321 0.2864981269638895 -0.5781872138671446 0.44034080090211175
37.0 0.46117740600929374 0.5336038082784909 -0.9771885032356702 0.9362871527735186 0.4916278792211008 0.6914030400085188 0.24044348491628426 -0.37629642171859984 -0.1913270407614407 -0.06230049171663256 -0.018930187421292655 0.41416491361662083 -0.8041622604157377 0.2848705227972228 -0.5761323636067279 0.43444073579794507
38.0 0.45995670288429374 0.5313251624451575 -0.9844720318815036 0.933133669700602 0.4901223453669341 0.6892057743835188 0.2373713820517009 -0.3767643579165165 -0.19110324518852403 -0.06317532895621589 -0.024891287681709322 0.4110928107520375 -0.804853992186571 0.2840567207138895 -0.5724295641275613 0.4322027800687784
39.0 0.46178775757179374 0.5307961910909909 -0.9846347922981702 0.9299394965235186 0.4889830224502674 0.6893481897481022 0.2370051711142009 -0.3768253930727665 -0.18825493789685738 -0.06246325213329922 -0.02377230981712599 0.41172350736662083 -0.8047115768219877 0.2840974108180562 -0.5646577542317279 0.42888653657919507
40.0 0.46386295288429374 0.5301858395284909 -0.9857130800585868 0.927884646263102 0.49028510578360074 0.6874967900085188 0.23403479351003426 -0.3782698917706832 -0.18912977513644072 -0.06486396827913256 -0.028451671796292658 0.40928210111662083 -0.807356433592821 0.2861929511826395 -0.5631318753254779 0.42723858736044507
41.0 0.46437157918637706 0.5268695960389075 -0.9888869081835868 0.9257687608464353 0.49659207192943405 0.6845467574564355 0.2385107049683676 -0.3769271183331832 -0.18841769831352406 -0.05977770525829922 -0.028980643150459326 0.41440905424162083 -0.8145382369782377 0.2836294746201395 -0.5594494208983946 0.4252447722562784
42.0 0.46437157918637706 0.5221902340597409 -0.9877272402148368 0.923856325950602 0.5001321109919341 0.6792977340189355 0.2367406854371176 -0.3744246769269332 -0.19055392878227406 -0.05983874041454922 -0.037098318931709326 0.41337145658537083 -0.8175289596344877 0.2843008613388895 -0.5581676826171446 0.4201991993396117
43.0 0.46626366903012706 0.5227802405701575 -0.9918369407356702 0.9287187933985186 0.5030617984919341 0.6741504358418521 0.23922278179128426 -0.3718205102602665 -0.18371799128227406 -0.05713284848746589 -0.03439242700462599 0.4182949591895375 -0.8150672083324043 0.2821239407659728 -0.5487479235025612 0.416740540485445
44.0 0.46528710653012706 0.5231057614034909 -0.9957431907356702 0.9294512152735186 0.5020648909398507 0.6683724410501855 0.23726965679128426 -0.3755233097394332 -0.18841769831352406 -0.05526110369579922 -0.04324252466087599 0.4206753302832875 -0.8179968958324043 0.2859895006618061 -0.5448823636067278 0.4111049610583617
45.0 0.46441226929054374 0.5229430009868242 -0.9999749615690036 0.9258297960026852 0.5055032047419341 0.6607837366231021 0.2391820916871176 -0.3720849959373499 -0.18601698216769072 -0.05373522478954922 -0.042367687421292655 0.4196987677832875 -0.8195431197907377 0.2858674303493061 -0.5411795641275612 0.4105556446521117
46.0 0.46984439819679374 0.5242450843201576 -1.0004022076627535 0.9223507920964352 0.5075580550023507 0.6606820113626855 0.23926347189545094 -0.3743432967185999 -0.19108290013644072 -0.05088691749788256 -0.04600945174420932 0.4206142951270375 -0.8263180221344877 0.28466707227638943 -0.5430309638671446 0.4133022266833617
47.0 0.47318098673846043 0.5245502601014076 -1.0009515240690035 0.9255246202214352 0.5114439599502674 0.6561450647481021 0.24166418804128428 -0.3733260441144332 -0.18491834935519072 -0.04887275734163256 -0.046273937421292655 0.4216315477312042 -0.828108386717821 0.2843415514430561 -0.5344046617838112 0.4110846160062784
48.0 0.47381168335304374 0.5224547197368242 -1.0000970318815035 0.9242632269922686 0.5118305159398507 0.6553516077168521 0.24294592632253428 -0.3742822615623499 -0.18325005508435738 -0.048404821143715894 -0.04977328637962599 0.4217332729916209 -0.8290035690094877 0.28527742383888943 -0.5316784248046446 0.4052862761625284
49.0 0.47232649455096043 0.5220071285909909 -1.0060784771940035 0.926358767356852 0.5140074365127674 0.6477629032897687 0.23995520366628428 -0.3755436547915166 -0.18691216445935738 -0.04911689796663256 -0.05044467309837599 0.4257819383562042 -0.8311397994782377 0.28114737826597275 -0.5279145901692279 0.4053066212146117
50.0 0.47354719767596043 0.5211933265076575 -1.0120802675585867 0.9239580512110186 0.5110370589086007 0.6446094202168521 0.24160315288503428 -0.37552330973943326 -0.18876356419894072 -0.04744860369579922 -0.050220877525459326 0.4264940151791209 -0.8321570520824043 0.28224601107847275 -0.5243745511067279 0.4010138152250284
51.0 0.47130924194679374 0.5202167640076575 -1.0093743756315035 0.9164507269922686 0.5114846500544341 0.6455249475606021 0.24363765809336763 -0.37544192953109995 -0.18713596003227406 -0.04563789406038256 -0.04688428898379266 0.4303392300228709 -0.8345170781240709 0.27949942904722275 -0.5205700263671446 0.40142071626669507
52.0 0.47244856486346043 0.5210712561951575 -1.0137892519335867 0.917935915794352 0.5137836409398507 0.6431649215189355 0.24038244976003428 -0.37475019776026663 -0.1854473207093574 -0.04158922869579922 -0.05097364445254266 0.4312547573666209 -0.8415157760407376 0.28409741081805606 -0.5220552151692279 0.40005759777711175
53.0 0.4755410127801271 0.5234109371847409 -1.0100661074023367 0.920377322044352 0.5146177880752674 0.6406217900085188 0.24101314637461763 -0.37291914307276663 -0.18479627904269075 -0.04262682635204922 -0.048125337160876 0.4282843797624542 -0.8368364140615709 0.28194083529722275 -0.5223603909504779 0.39415753267294507
54.0 0.4744220349155438 0.5213764319764075 -1.0124261334440035 0.9200924913151853 0.5146788232315174 0.6377734827168522 0.24235591981211763 -0.37385501546859995 -0.18949598607394075 -0.03929023781038256 -0.05070915877545933 0.4286302456478709 -0.8407630091136543 0.28360912956805606 -0.5238862698567279 0.39568341157919507
55.0 0.4740558239780438 0.5221902340597409 -1.0144809837044202 0.9200314561589353 0.516794708648184 0.6347420699564356 0.24233557476003428 -0.37572676026026663 -0.1870952699281074 -0.04069404640413256 -0.048796723879626 0.4262702196062042 -0.8370398645824043 0.28224601107847275 -0.5244762763671446 0.3919195769437784
56.0 0.4751748018426271 0.5226581702576575 -1.0177972271940035 0.9170407335026853 0.5171812646377674 0.6325448043314356 0.24131832215586763 -0.37629642171859995 -0.1916118714906074 -0.03920885760204922 -0.051299165285876 0.4285488654395375 -0.8408647343740709 0.28124910352638943 -0.5242117906900612 0.39305889986044507
57.0 0.4769448213738771 0.5208271155701575 -1.0145623639127535 0.916410036888102 0.520273712554434 0.6315478967793522 0.24626216981211763 -0.37310224854151663 -0.1886821839906074 -0.03709297218538256 -0.05278435408795933 0.4331671922624542 -0.8419837122386543 0.28346671420347275 -0.5197765693358946 0.3905157683500284
58.0 0.47434065470721043 0.5193419267680741 -1.0134026959440035 0.9160234808985186 0.522959259429434 0.6293302861022688 0.24890702658295097 -0.37816816651026663 -0.1839214418031074 -0.03774401385204922 -0.05162468611920933 0.4332282274187042 -0.8468665247386543 0.28751537956805606 -0.5177827542317279 0.3856329558500284
59.0 0.4747475557488771 0.5239399085389075 -1.0225986594856702 0.9159624457422686 0.517221954741934 0.6312020308939355 0.24353593283295097 -0.38225752197901663 -0.1873394105531074 -0.03595364926871589 -0.05742302596295933 0.4351813524187042 -0.8505286341136543 0.28560294467222275 -0.5213227932942279 0.3857753712146117
60.0 0.4763955049676271 0.5261168291118241 -1.022273138652337 0.918607302513102 0.523691681304434 0.6265023238626855 0.24512284689545097 -0.38262373291651663 -0.1822124574281074 -0.03511950213329922 -0.051360200442126 0.4365851610124542 -0.8483720585928209 0.28033357618263943 -0.5163586005858946 0.384025696735445
61.0 0.4794269177280438 0.5245706051534907 -1.028071478496087 0.9171628038151853 0.5216368310440174 0.6255461064147688 0.2436783481975343 -0.38062991781234995 -0.1860576722718574 -0.03312568702913256 -0.05351677596295933 0.4426886766374542 -0.8528072799469876 0.2829377428493061 -0.5142020250650612 0.3815639454333617
62.0 0.4801593396030438 0.5232481767680741 -1.0289056256315037 0.9187700629297687 0.521067169585684 0.6202767379251855 0.2430069614787843 -0.38473961833318326 -0.18695285456352406 -0.03715400734163256 -0.05396436710879267 0.4422410854916209 -0.8552283411449042 0.2834056790472228 -0.5110281969400612 0.377922181110445
63.0 0.4815428031447105 0.5245502601014075 -1.0251214459440037 0.9160031358464353 0.5255634260961006 0.6220467574564355 0.24479732606211765 -0.3804264672915166 -0.18438937800102406 -0.03806953468538256 -0.05072950382754267 0.4430548875749542 -0.8532548710928208 0.2823477363388895 -0.5056774482421446 0.3782477019437783
64.0 0.48146142293637717 0.5233702470805741 -1.028742865214837 0.9189531683985187 0.524118927398184 0.6207039840189355 0.2397720981975343 -0.3847192732810999 -0.18803114232394072 -0.04057197609163256 -0.05870476424420934 0.4450080125749542 -0.8556555872386542 0.2834667142034728 -0.5051891669921446 0.3764776824125283
65.0 0.4841673148634605 0.5254047522889075 -1.027583197246087 0.9194617947006021 0.5254820458877674 0.6146004683939355 0.2481949497600343 -0.3839258162498499 -0.18534559544894072 -0.03811022478954922 -0.058419933515042675 0.4513963589291209 -0.8551469609365708 0.2840974108180561 -0.5018322333983946 0.37753562512086164
66.0 0.4819700492384605 0.5251809567159909 -1.0277256126106702 0.9142738064193521 0.522348907866934 0.6080290165710188 0.24327144715586765 -0.3854720402081832 -0.18731906550102406 -0.03802884458121589 -0.06273308455670934 0.4503994513770376 -0.8549028203115708 0.2846467272243061 -0.49633906933589456 0.3786749480375283
67.0 0.48152245809262717 0.5262795895284909 -1.0320184186002535 0.9183224717839354 0.5293882958877674 0.6076424605814355 0.2428848911662843 -0.3857772159894332 -0.1879497621156074 -0.03870023129996589 -0.05913201033795934 0.4527187873145376 -0.8534379765615708 0.2830394681097228 -0.49715287141922787 0.378532532672945
68.0 0.48170556356137717 0.5276833981222409 -1.0326491152148367 0.9216794053776854 0.532724884429434 0.6080290165710188 0.24156246278086765 -0.3841089217185999 -0.1881939027406074 -0.03640124041454922 -0.06035271346295934 0.45391914538745426 -0.8545162643219875 0.2841787910263895 -0.49227005891922787 0.376823548297945
69.0 0.48528629272804386 0.5307555009868242 -1.03382912823567 0.9192583441797688 0.533396271148184 0.6094328251647688 0.2416031528850343 -0.3838444360415166 -0.18937391576144075 -0.03398017921663256 -0.06613070825462601 0.45361396960620426 -0.8564083541657375 0.2855215644638895 -0.4950369860025612 0.3765997527250283
70.0 0.49334293335304386 0.5302875647889076 -1.0339715436002532 0.9196042100651854 0.5393573714086006 0.6087004032897688 0.2433731724162843 -0.38632653239568326 -0.1870952699281074 -0.03068428077913256 -0.06045443872337601 0.4556484748145376 -0.8560624882803208 0.2825104967555562 -0.4961966539713112 0.371879700641695
71.0 0.49079980184262717 0.5300230791118242 -1.03907815167317 0.9189124782943521 0.5391742659398506 0.6046313928731022 0.24150142762461765 -0.3913517602602666 -0.18683078425102406 -0.02814114926871589 -0.06722934106712601 0.45629951648120426 -0.8606197799469875 0.28090323764097286 -0.4934093818358945 0.3711879688708617
72.0 0.49452294637387717 0.5306334306743242 -1.04127541729817 0.9192786892318521 0.536264923491934 0.6023730920918522 0.242132124239201 -0.3895207055727666 -0.18961805638644072 -0.02500801124788256 -0.06899936059837601 0.4541225959082876 -0.8621253138011541 0.28149324415138954 -0.4965628649088112 0.371330384235445
73.0 0.4921629203322105 0.5297992835389076 -1.0399733339648367 0.9183428168360187 0.5392149560440174 0.5978361454772688 0.24601802918711765 -0.3863672224998499 -0.18249728815727406 -0.021752802914549223 -0.06395378768170934 0.4538377651791209 -0.8595211471344875 0.27772940951597286 -0.49178177766922787 0.369377259235445
74.0 0.48500146199887717 0.5292296220805742 -1.0418043886523367 0.9146196723047687 0.5393980615127674 0.5928312626647688 0.241277632051701 -0.3951562849998499 -0.18915012018852406 -0.021162796404132555 -0.06924350122337601 0.4519863654395376 -0.8631018763011541 0.2802521959743062 -0.4934500719400612 0.3679531055896117
75.0 0.4918577445509605 0.5275613278097409 -1.0400954042773367 0.9179766058985187 0.543711212554434 0.5987313277689355 0.24489905132253434 -0.3905176131248499 -0.18182590143852406 -0.015425491716632555 -0.06368930200462601 0.4534105190853709 -0.8620235885407375 0.27772940951597286 -0.4905814195963112 0.3658575652250284
76.0 0.4886228812697105 0.5240619788514075 -1.0389764264127535 0.9167762478256021 0.5439350081273506 0.5947030074564355 0.241094526582951 -0.3947697290102666 -0.18866183893852406 -0.018090693539549223 -0.07042351424420934 0.4509080776791209 -0.8664994999990708 0.2800080553493062 -0.4878958727213112 0.36699688814169507
77.0 0.4950315726759605 0.5262592444764075 -1.0390374615690035 0.9110999782943521 0.5491229964086006 0.5922005660501855 0.24514319194753434 -0.3947697290102666 -0.18729872044894072 -0.012780634945799223 -0.06806348820254267 0.4489549526791209 -0.8677608932282375 0.28163565951597286 -0.4861461982421445 0.3645147917875284
78.0 0.4898639294467938 0.5286192705180741 -1.0422723248502535 0.9086382269922687 0.5469053857315173 0.5895353642272688 0.24266109559336768 -0.39389489177068326 -0.19151014623019072 -0.015283076352049223 -0.07164421736920934 0.4512132534603709 -0.8701819544261541 0.28008943555763954 -0.4860648180338112 0.36876690767294507
79.0 0.4897825492384605 0.5282937496847407 -1.0416619732877535 0.9065019965235187 0.5505471500544339 0.5862598108418522 0.24652665548920102 -0.3934879907290166 -0.18542697565727406 -0.009810257341632555 -0.06967074731712601 0.4574795295020376 -0.8716264531240707 0.27919425326597286 -0.4839896227213112 0.36760723970419507
80.0 0.4927122367384605 0.5315489580180741 -1.0454664980273367 0.9069902777735187 0.5480040185440173 0.5820483850606022 0.24032141460378437 -0.3923893579165166 -0.1852031800843574 -0.014326858904132555 -0.07384148299420934 0.4572353888770376 -0.8748002812490707 0.27380281446388954 -0.4846813544921445 0.3662237761625284
81.0 0.49183739949887717 0.5296365231222407 -1.0441237245898367 0.9125241319401853 0.5496519677627673 0.5801562952168522 0.24201005392670102 -0.39004967692693326 -0.18304660456352406 -0.014713414893715889 -0.07097283065045934 0.4549160529395376 -0.8728675013011541 0.27644767123472286 -0.4841320380858945 0.3634161589750284
82.0 0.48852115600929386 0.5285785804139074 -1.0466261659960867 0.9114865342839353 0.5485940250544339 0.5813973433939356 0.24113521668711768 -0.39041588786443326 -0.18353488581352406 -0.009891637549965889 -0.07215284367129267 0.4574184943457876 -0.8738237187490707 0.27498282748472286 -0.4822196031900612 0.3639044402250284
83.0 0.49291568725929386 0.5284768551534907 -1.0480910097460867 0.9111406683985187 0.5499978336481839 0.5817228642272689 0.23871415548920102 -0.39186038656234995 -0.18591525690727406 -0.010339228695799223 -0.07353630721295934 0.45605537585620426 -0.8723181848949041 0.27331453321388954 -0.48299271516922787 0.3674037891833617
84.0 0.49110497762387717 0.5276020179139074 -1.0477044537565035 0.9146196723047687 0.5555316878148505 0.5823942509460189 0.23783931824961768 -0.39322350505193326 -0.18729872044894072 -0.007490921404132556 -0.07435010929629267 0.45328844877287094 -0.8748613164053207 0.26928621290138954 -0.48285029980464456 0.366996888141695
85.0 0.49456363647804386 0.5333393226014074 -1.0446120058398367 0.9153724392318521 0.5559182438044339 0.5798104293314356 0.23781897319753434 -0.39228763265609995 -0.18823459284477406 -0.011091995622882555 -0.07618116398379267 0.45597399564787094 -0.8740475143219874 0.27014070508888954 -0.48181270214839456 0.3708827930896117
86.0 0.49092187215512717 0.5304706702576574 -1.0463209902148367 0.9133786241276854 0.5547585758356839 0.5718758590189356 0.24406490418711768 -0.39265384359359995 -0.18451144831352406 -0.011234410987465889 -0.075835298098376 0.45617744616870426 -0.8750851119782374 0.26633618034930623 -0.47764196647131124 0.3719000456937784
87.0 0.4920408500197105 0.529962043955574 -1.0487013613085867 0.9128699978256021 0.5574644677627673 0.5745817509460189 0.23934485210378434 -0.38937829020818326 -0.18577284154269072 -0.012373733904132555 -0.07746290226504267 0.45914782377287094 -0.877689278644904 0.26830965040138954 -0.48242305371089456 0.37139141939169507
88.0 0.4907591117384605 0.5291482418722406 -1.0478265240690035 0.9137651801172687 0.5585631005752673 0.5726286259460189 0.24034175965586768 -0.3926334985415166 -0.18434868789685738 -0.013268916195799221 -0.08043327986920934 0.46057197741870426 -0.8745357955719874 0.27087312696388954 -0.48370479199214456 0.3707403777250284
89.0 0.4896604789259605 0.528802375986824 -1.0481927350065035 0.9135210394922687 0.5615131331273506 0.5724862105814356 0.24257971538503434 -0.3907617537498499 -0.18656629857394072 -0.012597529477049221 -0.07671013533795934 0.46136543444995426 -0.8741085494782374 0.26894034701597286 -0.48079544954422787 0.36962139986044507
90.0 0.4892535778842938 0.5254047522889074 -1.0441847597460867 0.9126462022526853 0.5594175927627673 0.5737069137064356 0.24203039897878434 -0.3906803735415166 -0.19362603164685738 -0.011051305518715887 -0.08110466658795934 0.46820137194995426 -0.8748002812490707 0.26910310743263954 -0.47808955761714456 0.36986554048544507
91.0 0.4886228812697105 0.529412727549324 -1.0464430605273367 0.9126665473047687 0.5608417464086006 0.5696582483418522 0.24264075054128434 -0.3890527693748499 -0.18921115534477403 -0.015384801612465887 -0.08236605981712601 0.4673061896582876 -0.8718095585928207 0.26824861524513954 -0.47625850292964456 0.36856345715211175
92.0 0.49134911824887717 0.526727180674324 -1.0463209902148367 0.9111813585026853 0.5635883284398506 0.5704720504251856 0.238531050020451 -0.3901310571352666 -0.19203911758435738 -0.01619860369579922 -0.08206088403587601 0.4699510464291209 -0.8713212773428207 0.26694653191180623 -0.47511918001297787 0.36815655611044507
93.0 0.49706607788429386 0.5278461585389074 -1.04646340557942 0.9066240668360187 0.564157989898184 0.5709196415710189 0.238531050020451 -0.3947697290102666 -0.18961805638644072 -0.016483434424965887 -0.07829704940045934 0.4740404018978709 -0.8701005742178207 0.26682446159930623 -0.47723506542964456 0.36815655611044507
94.0 0.49944644897804386 0.5259744137472407 -1.04426613995442 0.9069902777735187 0.5640766096898506 0.5698616988626856 0.237798628145451 -0.39847252848943326 -0.19254774388644072 -0.019433466977049223 -0.07943637231712601 0.4725145229916209 -0.8722164596344874 0.26953035352638954 -0.47764196647131124 0.36608136079794507
95.0 0.49940575887387717 0.5273171871847407 -1.0430250917773367 0.9029823025131021 0.5700377099502673 0.5696379032897689 0.24046382996836765 -0.39454593343734995 -0.19387017227185738 -0.022119013852049223 -0.08031120955670934 0.4730638393978709 -0.8748002812490707 0.27227693555763954 -0.47642126334631124 0.3673224089750284
96.0 0.4960691703322105 0.5268899410909907 -1.0428216412565035 0.9046912868881021 0.5644021305231839 0.5736051884460189 0.238897260957951 -0.39597008708318326 -0.19730848607394072 -0.019860713070799223 -0.08014844914004267 0.4768276740332876 -0.8737423385407374 0.27193106967222286 -0.47550573600256124 0.3658168751208617
97.0 0.49256982137387717 0.5285175452576574 -1.0436150982877535 0.9097775499089354 0.5681659651586005 0.5695565230814356 0.239568647676701 -0.39499352458318326 -0.20097059544894072 -0.01880277036246589 -0.07432976424420934 0.4766649136166209 -0.874393380207404 0.27138175326597286 -0.47351192089839456 0.3642909962146117
98.0 0.4910642875197105 0.5311013668722407 -1.0436964784960867 0.9127479275131021 0.5656024885961005 0.5736255334981022 0.237676557832951 -0.3967228540102666 -0.20001437800102406 -0.01682930031038256 -0.07432976424420934 0.4769090542416209 -0.8745357955719874 0.2675568834743062 -0.47198604199214456 0.3626837371000284
99.0 0.4917356742384605 0.5288634111430741 -1.0412957623502535 0.9123003363672687 0.5691628727106839 0.5737476038106022 0.24314937684336765 -0.3954004256248499 -0.19974989232394072 -0.013879267758299224 -0.07504184106712601 0.4792487352312042 -0.8739254440094874 0.2712393379013895 -0.47286087923172787 0.3645758269437784
100.0 0.4940143200717938 0.5296568681743241 -1.0399122988085867 0.9156165798568521 0.5670876773981839 0.5762703902689356 0.23960933778086765 -0.4003035831769332 -0.20280165013644072 -0.01568997739371589 -0.07681186059837601 0.4791673550228709 -0.8788896367178207 0.2697744941513895 -0.47235225292964456 0.3621954558500284
101.0 0.4933225883009605 0.5280292640076575 -1.0447747662565035 0.9138058702214354 0.5688576969294339 0.5777962691751856 0.24382076356211765 -0.4038843123435999 -0.20123508112602406 -0.018029658383299223 -0.07807325382754268 0.4834601610124542 -0.8769161666657374 0.2701000149847228 -0.46960567089839456 0.3603847462146117
102.0 0.4942381156447105 0.5300841142680741 -1.0456699485481702 0.9093299587631021 0.5641783349502673 0.5768197066751856 0.2409317661662843 -0.4064070988019332 -0.2034526918031074 -0.019331741716632555 -0.08037224471295935 0.4835415412207875 -0.877078927082404 0.2695100084743061 -0.46895462923172787 0.3610357878812784
103.0 0.4989581677280438 0.5306537757264075 -1.0454461529752535 0.9088416775131021 0.5692645979711006 0.5772469527689356 0.23920243673920097 -0.4052474308331832 -0.2013774964906074 -0.018904495622882555 -0.07526563664004268 0.4854743211687042 -0.8763668502594874 0.2682893053493061 -0.4683035875650612 0.3599981902250284
104.0 0.5030882133009604 0.5331358720805741 -1.0451613222460867 0.9058102647526854 0.567820099273184 0.5793424931335189 0.2375137974162843 -0.4041081079165165 -0.20282199518852406 -0.018253453956215887 -0.07902947127545935 0.4837449917416209 -0.8755937382803207 0.2669261868597228 -0.46407181673172787 0.35924542329794507
105.0 0.5010333630405438 0.5386900712993241 -1.0447747662565035 0.9092689236068521 0.5719908349502674 0.5777555790710189 0.2391007114787843 -0.4051253605206832 -0.2035137269593574 -0.01931139666454922 -0.07856153507754268 0.4829718797624542 -0.8741288945303207 0.2691437975368061 -0.4649466539713112 0.35354880871461175
106.0 0.5012978487176272 0.5416807939555741 -1.0437575136523367 0.9134803493881021 0.573374298491934 0.5729744918314356 0.23716793153086765 -0.4100895532290165 -0.2026592347718574 -0.023685582862465887 -0.07825635929629268 0.4880174526791209 -0.8740678593740707 0.2694489733180561 -0.46102005891922787 0.35287742199586175
107.0 0.5018471651238772 0.5424335608826575 -1.0449171816210867 0.9115475694401854 0.5707090966690174 0.5733813928731022 0.2364761997600343 -0.41035403890609984 -0.2057720277406074 -0.02211901385204922 -0.07734083195254268 0.4902147183041209 -0.8799272343740707 0.2681672350368061 -0.46004349641922787 0.35301983736044507
108.0 0.5017250948113772 0.5371235022889075 -1.0506341412565035 0.9102454861068521 0.5724994612523507 0.5766976363626856 0.23840897970795097 -0.41017093343734984 -0.20605685846977406 -0.019535192237465887 -0.07463494002545935 0.4938971727312042 -0.8844234908844874 0.2664582506618061 -0.46034867220047787 0.3541998503812784
109.0 0.5006874971551272 0.5358214189555741 -1.0471551373502535 0.9046099066797687 0.5746560367731841 0.5757821090189356 0.2400162388225343 -0.4111881860415165 -0.20164198216769072 -0.02108141619579922 -0.07465528507754268 0.4947720099707875 -0.887699044269904 0.2628571764430561 -0.4569510485025612 0.35265362642294507
110.0 0.49804264038429386 0.5384662757264075 -1.0516310488085867 0.9029212673568521 0.5766905419815175 0.5791797327168522 0.23792069845795097 -0.41584720296859984 -0.20426649388644072 -0.02311592140413255 -0.07709669132754268 0.4967251349707875 -0.8883500859365706 0.26495271680763943 -0.4584769274088112 0.35442364595419507
111.0 0.5001585258009605 0.5331155270284909 -1.04878274151692 0.9073768337631021 0.5811054182836008 0.5799731897481022 0.23694413595795097 -0.41639651937484984 -0.19692193008435738 -0.016259638852049216 -0.07900912622337601 0.49644030424162083 -0.886600411457404 0.26257234571388943 -0.4600231513671445 0.3525519011625284
112.0 0.49771711955096054 0.5279071936951575 -1.05336037823567 0.9081499457422687 0.5795998844294342 0.5775724736022688 0.23389237814545097 -0.42384280843734984 -0.19816297826144072 -0.016707229997882548 -0.08108432153587601 0.49737617663745415 -0.8844438359365706 0.26320304232847275 -0.4611624742838112 0.35350811861044507
113.0 0.49857161173846054 0.5295347978618241 -1.0509393170377532 0.9117306749089353 0.5857440901586008 0.5780200647481022 0.23155269715586763 -0.42099450114568315 -0.19358534154269072 -0.014448929216632548 -0.08096225122337601 0.49914619616870415 -0.8818803593740706 0.26348787305763943 -0.46047074251297787 0.35183982433961175
114.0 0.49865299194679386 0.5326475908305741 -1.05018655011067 0.9119137803776853 0.5782571109919342 0.5781624801126856 0.22807369324961763 -0.42465661052068315 -0.19525363581352406 -0.01282132504996588 -0.08665886580670934 0.5018724331478708 -0.884281075519904 0.26076163607847275 -0.4619559313150612 0.35192120454794507
115.0 0.5052854789259605 0.5360248694764075 -1.05067483136067 0.910916872825602 0.5817564599502676 0.5738086389668522 0.23315995627045097 -0.42504316651026647 -0.19342258112602406 -0.011702347185382546 -0.08688266137962601 0.5072638719499541 -0.8841793502594874 0.25870678581805606 -0.45625931673172787 0.35422019543336175
116.0 0.5040037406447105 0.5346820960389075 -1.0491896425585867 0.9136227647526853 0.577931590158601 0.5772062626647688 0.23578446798920097 -0.42937666260401647 -0.1910625550843574 -0.01355374692496588 -0.08726921736920934 0.5063076545020375 -0.8880449101553207 0.24995841342222272 -0.4580496813150612 0.35358949881877844
117.0 0.5016640596551272 0.5339089840597409 -1.0476637636523367 0.912625857200602 0.582692332346101 0.5762703902689355 0.23619136903086763 -0.43151289307276647 -0.19287326471977406 -0.014672724789549214 -0.08816439966087601 0.5038459031999541 -0.8889807825511541 0.2552684720159727 -0.46437699251297787 0.35550193371461175
118.0 0.5014199190301272 0.5346617509868242 -1.0483148053190035 0.9102658311589353 0.584462351877351 0.5731982874043521 0.23731034689545097 -0.4348291365623498 -0.19281222956352406 -0.010603714372882548 -0.08883578637962601 0.5027065802832875 -0.8871497278636541 0.254861570974306 -0.46234248730464456 0.36014060558961175
119.0 0.5058551403842938 0.5367979814555742 -1.0508375917773367 0.9097165147526853 0.584279246408601 0.5713672327168521 0.24390214377045097 -0.43352705322901647 -0.1889873597718574 -0.008325068539549214 -0.09292514184837601 0.5077724982520375 -0.8891028528636541 0.2522574043076393 -0.46175248079422787 0.35985577486044507
120.0 0.5039427054884604 0.5371235022889076 -1.0517938092252535 0.907559939231852 0.5894468896377676 0.5682137496439355 0.24231522970795097 -0.43387291911443315 -0.19297498998019075 -0.01105130551871588 -0.09518344262962601 0.5079759487728709 -0.8906083867178207 0.25551261264097264 -0.4580496813150612 0.35885886730836175
121.0 0.5032916638217938 0.535312792653491 -1.0533400331835867 0.9089434027735186 0.5876158349502676 0.5684782353210188 0.24192867371836763 -0.43228600505193315 -0.1972677959697741 -0.008569209164549212 -0.09410515486920934 0.5064907599707875 -0.8927446171865707 0.25563468295347264 -0.4605521227213112 0.35306052746461175
122.0 0.5033323539259604 0.536899706715991 -1.0527703717252535 0.9063799262110186 0.592091746408601 0.5698006637064355 0.24329179220795097 -0.43322187744776647 -0.19651502904269075 -0.009627151872882546 -0.09707553247337601 0.5067552456478709 -0.8913611536449041 0.25600089389097264 -0.4560355211588112 0.35375225923544507
123.0 0.5021319958530438 0.538974902028491 -1.0547031516731702 0.9061154405339352 0.5921324365127676 0.5650602665710188 0.23985347840586763 -0.4363550154685998 -0.1917746319072741 -0.009993362810382546 -0.09559034367129268 0.5056159227312043 -0.8917273645824041 0.25832022982847264 -0.45796830110672787 0.3505987761625284
124.0 0.5063841117384604 0.5379169593201576 -1.056391790996087 0.9105913519922686 0.5929055484919342 0.5631478316751855 0.24154211772878428 -0.43590742432276647 -0.19332085586560743 -0.00922025083121588 -0.09811313012962601 0.5101325242937043 -0.8931718632803207 0.25754711784930595 -0.45711380891922787 0.3506598113187784
125.0 0.5059568656447104 0.5377135087993242 -1.0534214133919202 0.912564822044352 0.5937600406794342 0.5638599084981021 0.23958899272878428 -0.43462568604151647 -0.19435845352185743 -0.008080927914549214 -0.09904900252545934 0.5091966518978709 -0.8956946497386541 0.25691642123472264 -0.4531668688150612 0.3538336394437784
126.0 0.5061196260613771 0.5363707353618242 -1.0559441998502535 0.9143755316797686 0.5929055484919342 0.5612760868835187 0.24032141460378428 -0.43413740479151647 -0.1934836162822741 -0.01245511411246588 -0.09896762231712601 0.5129808315853709 -0.8961218958324041 0.2559805488388893 -0.4529227281900612 0.35381329439169507
127.0 0.5046547823113771 0.5340513994243242 -1.0572462831835867 0.9111813585026852 0.5959776513565176 0.5612557418314353 0.24451249533295094 -0.4346460310935998 -0.19419569310519075 -0.008935420102049212 -0.09980176945254268 0.5115770229916209 -0.9033443893219875 0.25551261264097264 -0.4555472399088112 0.35747540376669507
128.0 0.5056516898634604 0.5341734697368242 -1.0558831646940035 0.9108354926172686 0.5986428531794342 0.559770553029352 0.24780839377045094 -0.4376977889060998 -0.1940939678447741 -0.009464391456215878 -0.09943555851504268 0.5130215216895375 -0.8991126184886541 0.25211498894305595 -0.4521496162108945 0.35507468762086175
129.0 0.5071572237176271 0.5336038082784909 -1.0525465761523367 0.9103268663151852 0.5965880029190176 0.5598112431335186 0.24689286642670094 -0.4426619816144331 -0.19511122044894075 -0.006351598487465878 -0.10297559757754268 0.5116177130957875 -0.9027543828115707 0.25677400587013927 -0.4543875719400612 0.35855369152711175
130.0 0.5081541312697104 0.5309386064555742 -1.0564324811002535 0.9078854600651852 0.598073191721101 0.5614998824564352 0.24770666851003428 -0.4428857771873498 -0.19358534154269075 -0.009383011247882544 -0.09856072127545935 0.5098070034603709 -0.9016354049469874 0.2579540188909726 -0.45039994173172787 0.35894024751669507
131.0 0.5112262341342938 0.5308979163514076 -1.0590366477669202 0.9084347764714352 0.5991921695856843 0.5639005986022686 0.24862219585378428 -0.4425806014060998 -0.1979595277406074 -0.007165400570799211 -0.09949659367129268 0.5118821987728709 -0.9026933476553207 0.2570995267034726 -0.45324824902339456 0.3563360808500284
132.0 0.5117755505405438 0.5278868486430742 -1.0580600852669202 0.9106116970443519 0.5990904443252677 0.5663216598001852 0.24402421408295094 -0.4406478214581831 -0.19566053685519075 -0.00832506853954921 -0.10187696476504268 0.5123297899187043 -0.9019405807282374 0.2538239733180559 -0.44856888704422787 0.3584112761625284
133.0 0.5099648409051272 0.5269713212993242 -1.0572055930794202 0.9075599392318519 0.6020404768773511 0.5668913212585186 0.24337317241628428 -0.4432723331769331 -0.19639295873019075 -0.00911852557079921 -0.09479688664004268 0.5112515021582876 -0.8993974492178207 0.2504670397243059 -0.4501761461588112 0.3577398894437784
134.0 0.5093341442905438 0.5296161780701576 -1.0575311139127535 0.9061357855860185 0.6010842594294344 0.5627205855814352 0.24115556173920094 -0.4452864933331831 -0.19712538060519075 -0.010929235206215877 -0.09970004419212601 0.5086880255957876 -0.9018388554678207 0.2496735826930559 -0.44893509798172787 0.35961163423544507
135.0 0.5124062471551272 0.5300434241639076 -1.0578566347460867 0.9055457790756019 0.5992532047419344 0.5676237431335186 0.24325110210378428 -0.4424788761456831 -0.19431776341769075 -0.007287470883299209 -0.09886589705670934 0.5143439500749543 -0.9003943567699041 0.24196280795347255 -0.45107132845047787 0.36142234387086175
136.0 0.5094562146030438 0.5364928056743242 -1.05848733136067 0.9019243598047685 0.5983376773981844 0.5677254683939352 0.23999589377045094 -0.4441675154685998 -0.1935039613343574 -0.005252965674965875 -0.09780795434837601 0.5155239630957876 -0.8982174361969875 0.2428376451930559 -0.4491995836588112 0.35568503918336175
137.0 0.5088255179884604 0.5350889970805742 -1.05806008526692 0.9023312608464351 0.5998228662002678 0.5672778772481019 0.2411962518433676 -0.4441064803123498 -0.19159152643852406 -0.004642614112465875 -0.09213168481712601 0.512126339397871 -0.9058264856761541 0.24114900587013924 -0.4482840563150612 0.35415916027711175
138.0 0.5080320609572104 0.5359434892680742 -1.0580804303190032 0.9026364366276851 0.5992735497940178 0.5679492639668519 0.23684241069753426 -0.44725996338526647 -0.19614881810519072 -0.004601924008299208 -0.09512240747337601 0.5088507860124544 -0.9072913294261541 0.24196280795347258 -0.4513561591796445 0.35771954439169507
139.0 0.5089882784051271 0.5344176103618242 -1.0607659771940032 0.9049150824610185 0.6010435693252678 0.5683765100606019 0.2354589471558676 -0.44461510661443315 -0.19802056289685738 -0.005029170102049208 -0.09200961450462601 0.5119228888770377 -0.9070675338532375 0.24084383008888924 -0.4557506904296445 0.35653953137086175
140.0 0.5060992810092937 0.5358824541118242 -1.05824319073567 0.9036333441797685 0.6010842594294344 0.5661792444356019 0.24127763205170094 -0.44915205322901647 -0.19861056940727403 -0.0038491570812158745 -0.08905958195254268 0.5152391323666211 -0.9038123255199041 0.24243074415138924 -0.4467378323567278 0.35891990246461175
141.0 0.5080727510613771 0.5354755530701576 -1.05848733136067 0.9025957465235185 0.6005756331273511 0.5690072066751852 0.23724931173920094 -0.45132897380193315 -0.20361545221977403 -0.005842972185382541 -0.09087029158795935 0.5197353888770377 -0.9058875208324041 0.24450593946388924 -0.44694128287756113 0.35741436861044507
142.0 0.5117755505405437 0.5347838212993242 -1.0593214784960867 0.9017412543360185 0.6016335758356844 0.5653450973001852 0.2390600213746176 -0.45069827718734984 -0.20337131159477403 -0.005639521664549208 -0.08755404809837602 0.5200609097103711 -0.9084713424469875 0.2457673326930559 -0.44224157584631113 0.35692608736044507
143.0 0.5092934541863771 0.5366962561951576 -1.0590163027148367 0.9016802191797685 0.6029763492731844 0.5609709111022686 0.2407690057496176 -0.4484196313540165 -0.20172336237602403 -0.003137080258299208 -0.09154167830670935 0.5208950568457877 -0.9061723515615708 0.2473542467555559 -0.44470332714839444 0.3552374480375284
144.0 0.5059365205926271 0.5355162431743242 -1.0576124941210867 0.9019447048568519 0.6036070458877678 0.561296431935602 0.23702551616628426 -0.4517562198956832 -0.2014588766989407 -0.002425003435382541 -0.09286410669212602 0.5207933315853711 -0.9059282109365708 0.24981599805763924 -0.44844681673172776 0.3532232878812784
145.0 0.5108803682488771 0.5354348629659909 -1.0574090436002535 0.8987505316797685 0.6030577294815178 0.5618050582376853 0.23623205913503426 -0.4469954777081832 -0.20265923477185735 0.00048433901253412594 -0.0941254999212927 0.5183722703874545 -0.9043819869782375 0.24694734571388924 -0.44647334667964444 0.3515143035062784
146.0 0.5087034476759604 0.5366352210389075 -1.0616204693815035 0.8996050238672685 0.6000670068252678 0.560136763966852 0.23598791851003426 -0.4490910180727665 -0.2046937399801907 0.002254358543784126 -0.09213168481712602 0.5175177781999545 -0.9041378463532375 0.24694734571388924 -0.44287227246089444 0.3476690886625284
147.0 0.5095375948113771 0.5349872718201575 -1.0590773378710867 0.8979570746485185 0.6017353010961012 0.558610885060602 0.2342992791871176 -0.4480941105206832 -0.20626030899060735 0.005733362450034126 -0.0911958124212927 0.5194505581478711 -0.9069861536449041 0.2495515123805559 -0.44612748079422776 0.3518194792875284
148.0 0.5082762015822104 0.5367369462993241 -1.0600945904752535 0.8964311957422685 0.6041563622940178 0.5589364058939353 0.2365575799683676 -0.4452458032290165 -0.2032288962301907 0.001176070783367459 -0.08987338403587602 0.5203457404395377 -0.9036088749990707 0.24873771029722255 -0.44458125683589444 0.3528774219958617
149.0 0.5137693656447104 0.5399107744243241 -1.0621697857877535 0.8981401801172685 0.6076557112523512 0.5519377079772687 0.23879553569753426 -0.4486637719790165 -0.20381890274060735 0.002091598127117459 -0.0903413202337927 0.5237026740332877 -0.9019202356761541 0.2487784004013892 -0.44277054720047776 0.3508429167875284
150.0 0.5162921521030438 0.5385883460389075 -1.0608473574023367 0.9008053819401851 0.6075743310440178 0.5522428837585187 0.2360286086142009 -0.4479720402081832 -0.202760960032274 -0.0012449904145492084 -0.0918671991400427 0.5255744188249544 -0.9048906132803207 0.2506908352972225 -0.44624955110672776 0.34764874361044507
151.0 0.5130776338738772 0.5396869788514075 -1.06062356182942 0.9000933051172685 0.6069639794815178 0.5497404423522687 0.23855139507253426 -0.4506575870831832 -0.205385471751024 -0.0003904982270492084 -0.09274203637962602 0.5251064826270377 -0.9037716354157374 0.24957185743263918 -0.4463919664713111 0.34587872407919507
152.0 0.5148883435092938 0.5373269528097409 -1.06141701886067 0.9005612413151851 0.6095071109919344 0.5530973759460187 0.23842932476003426 -0.4508610376040165 -0.207033420969774 -0.0002073927582992084 -0.09343376815045935 0.5292365281999544 -0.9031205937490707 0.25022289909930584 -0.4468802477213111 0.3471197722562784
153.0 0.5113483044467938 0.5371438473409909 -1.0624953066210867 0.8982215603256017 0.6077981266169344 0.5548470504251853 0.2363337843954509 -0.4505558618227665 -0.203432346751024 -0.0035032911957992084 -0.09616000512962602 0.5286261766374544 -0.9058671757803207 0.2507518704534725 -0.4453543688150611 0.3454311329333617
154.0 0.5083372367384604 0.5349058916118242 -1.0616815045377535 0.9008257269922684 0.6089984846898511 0.552751510060602 0.23814449403086757 -0.44819583578109984 -0.20137749649060735 -0.004723994320799209 -0.0938813592962927 0.5295417039812044 -0.9076575403636541 0.2503246243597225 -0.43556839876297776 0.3476080535062784
155.0 0.5040240856967938 0.5347431311951576 -1.0648553326627535 0.900439171002685 0.6089577945856844 0.5575529423522686 0.23802242371836757 -0.44852135661443315 -0.204897190501024 -0.006819534685382543 -0.09304721216087602 0.526957882366621 -0.9103634322907375 0.2501211738388892 -0.4356497789713111 0.3468959766833617
156.0 0.5058754854363772 0.535862109059741 -1.0638991152148367 0.8993812282943516 0.6116636865127678 0.5586312301126852 0.2418879836142009 -0.44754479411443315 -0.206117893626024 -0.002221552914549209 -0.0949799921087927 0.533732784710371 -0.9129269088532375 0.2542105293076392 -0.4353446031900611 0.3459601042875284
157.0 0.5047565075717938 0.5376524736430743 -1.06074563214192 0.896960167096435 0.6100767724502678 0.5545622196960186 0.24015865418711757 -0.44754479411443315 -0.20621961888644066 -0.004866409685382543 -0.09593620955670937 0.532084835491621 -0.9115434453115708 0.2525218899847225 -0.43373734407547776 0.34508526704794507
158.0 0.5043089164259604 0.5360655595805743 -1.0607659771940032 0.897326378033935 0.6094867659398512 0.5530770308939352 0.23842932476003423 -0.44797204020818315 -0.20872206029269066 -0.010725784685382543 -0.0942475702337927 0.5303961961687044 -0.9142493372386542 0.25455639519305584 -0.4341239000650611 0.3444342253812784
159.0 0.5031899385613771 0.532138964528491 -1.0632277284960865 0.8958818793360184 0.6094257307836012 0.5573494918314352 0.24101314637461757 -0.44398440999984984 -0.207155491282274 -0.004764684424965875 -0.09483757674420937 0.5329800177832877 -0.9142493372386542 0.25644848503680584 -0.4313773180338111 0.3462042449125284
160.0 0.5082965466342937 0.533359667653491 -1.0585280214648365 0.896227745221435 0.6081643375544346 0.5589364058939352 0.2393855422079509 -0.44778893473943315 -0.20247612930310735 -0.007226435727049209 -0.08848992049420937 0.5313931037207877 -0.9161414270824042 0.25400707878680584 -0.4291800524088111 0.3407721160062784
161.0 0.5089272432488771 0.5376524736430743 -1.0590366477669197 0.8925859808985184 0.6069029443252679 0.5590381311543519 0.2392024367392009 -0.44681237223943315 -0.20955620742810735 -0.004479853695799209 -0.0954682733587927 0.5312099982520377 -0.9210445846344876 0.25244050977638915 -0.4287731513671444 0.3440883594958617
